2680.264
2151.1425
1761.513
1452.4595
1201.0475
1008.874
892.103
795.795
712.3665
645.3005
578.249
521.8595
474.1875
442.1005
417.4275
398.767
384.78
372.975
362.785
356.45
353.125
351.425
350.475
350.1
350.0
349.975
349.95
349.75
349.125
347.375
342.8
336.55
327.425
318.25
310.875
305.375
301.5
296.525
286.65
273.675
255.625
237.35
221.75
212.7
206.375
203.175
201.4
200.3
200.0
200.0
200.0
200.0
200.0
200.0
200.0
200.0
200.0
200.0
200.0
200.0
200.0
200.0
200.0
200.0
200.0
200.0
200.0
200.0
200.0
200.0
200.0
200.0
199.95
199.7
198.55
195.8
188.85
176.65
159.75
140.55
124.65
114.1
107.8
103.4
101.0
100.15
100.0
100.0
100.0
100.0
100.0
100.0
100.0
100.0
100.0
100.0
100.0
100.0
100.0
100.0
100.0
100.0
100.0
100.0
100.0
100.0
100.0
100.0
100.0
100.0
100.0
100.0
100.0
100.0
100.0
100.0
100.0
100.0
100.0
100.0
100.0
100.0
100.0
100.0
100.0
100.0
100.0
100.0
100.0
100.0
100.0
100.0
100.0
100.0
100.0
100.0
100.0
100.0
100.0
100.0
100.0
100.0
100.0
100.0
100.0
100.0
100.0
100.0
100.0
100.0
100.0
100.0
100.0
100.0
100.0
100.0
100.0
100.0
100.0
100.0
100.0
100.0
100.0
100.0
100.0
100.0
100.0
100.0
100.0
100.0
100.0
100.0
100.0
100.0
100.0
100.0
100.0
100.0
100.0
100.0
100.0
100.0
100.0
100.0
100.0
100.0
100.0
100.0
100.0
100.0
100.0
100.0
100.0
100.0
100.0
100.0
100.0
100.0
100.0
100.0
Mejor individuo: 100